76
97
64
131
37
54
82
76
105
146
22
3
72
91
68
17
72
124
67
101
50
53
129
78
83
52
75
54
93
42
36
242
40
89
72
357
64
17
66
236
97
123
96
105
67
76
57
81
76
341
60
122
68
19
84
73
192
72
116
67
61
100
81
176216
173640
98
96
55
1493
104
88
44
65
94
182
302
45
57
75
71
6
44
6
71
104
104
90
51
83
66
47
57
46
120
62
48
57
57
47
67
45
76
75
106
125
101
127
109
84
42
49
98
149
115
55
103
74
89
78
130
100
68
57
83
24
17
127
106
71
106
191
164
67
74
116
66
94
70
145
63
110
77
85
116
63
114
40
46
17
90
95
173
77
92
67
103
15
123
18
107
170
121
61
52
78
103
80
172249
26
75
38
169134
94
124
80
18
85
67
52
98
47
68
98
144
83
127
51
72
49
70
218
134
84
75
74
144
74
32
68
154
100
405
74
17
152
148
213
119
235
47
196
983
125
43
75
107
58
74
132
106
45
89
83
61
143
51
25
106
311
173602
58
105
1280
67
41
59
56
112
77
97
124
57
19
162
127
53
80
78
27
133
129
84
91
69
87
74
94
55
86
756
51
127
48
384
78
16
54
99
130
77
104
78
72
156
59
66
73
64
66
134
50
42
46
20
89
809
112
58
41
77
135
57
1171
99
29
58
104
41
134
72
58
64
88
84
50
70
64
160
90
62
64
954
56
131
61
184
87
59
74
98
55
14
28
119
97
131
48
65
85
86
115
122
66
178
72
77
28
82
76
45
78
69
56
82
78
103
90
118
25
99
76
93
76
156
149
88
90
128
9
115
27
107
126
134
183
47
75
75
74
74
104
249366
224
52
68
152
52
100
77
98
137
91
72
76
83
75
47
401
94
127
85
56
24
128
79
39
82
44
99
64
81
93
89
55
81
55
52
107
27
47
74
72
73
116
108
121
207
119
50
14
72
64
90
94
86
78
104
53
87
124
64
580
46
19
66
116
91
189
77
127
55
119
86
68
68
76
59
13
42
51
200
146
135
53
97
117
59
66
152
76
104
79
109
30
84
88
116
124
57
121
80
63
54
154
80
66
18
57
68
407
55
82
44
118
72
37
38
116
82
86
117
63
114
95
94
97
20
50
264
187
72
73
45
63
114
88
39
71
451
89
49
80
74
55
105
64
82
100
175
104
63
7
43
41
15
90
105
140
107
57
74
106
127
65
74
16
76
60
146
132
55
88
78
75
228
69
79
53
15
103
71
71
17
80
167
17
59
6
40
98
94
61
73
79
188
52
50
212
46
184
70
95
118
99
115
95
138
182
1281
118
281
88
119
18
36
451
29
5
106
53
210
155
79
76
66
110
18
91
71
133
52
58
114
58
54
8
107
9
98
157
56
43
72
39
100
71
48
99
81
111
18
93
51
105
100
40
67
32
40
44
90
95
51
148
13
121
83
53
69
61
151
118
96
114
17
9
109
108
54
27
110
13
82
95
56
56
55
104
68
81
86
38
67
60
38
99
120
84
116
77
79
123
84
53
77
104
126
129
108
447
78
1161
139
124
123
87
60
46
96
83
92
169
23
70
62
77
64
60
123
95
132
98
55
126
134
168165
70
41
65
186959
58
60
110
89
45
200552
75
120
143
11
101
65
120
437
50
76
133
225076
38
35
75
53
208325
330
79
52
84
132
143
87
42
81
186
104
10
76
84
24
50
121
119
42
84
98
79
18
121
106
63
75
64
156
65
68
60
18
11
175
92
131902
113
84
137
95
51
62
48
102
66
140
62
123
58
17
97
39
151
122
101
96
64
69
44
49
90
87
81
70
161
51
8
191
24
101
34
42
44
39
242
96
191
77
53
61
73
70
75
24
103
135
78
111
142
65
77
60
88
82
56
123
108
67
141
66
52
17
162
52
92
57
130
48
67
63
131
142
83
9
53
76
16
45
539
52
119
79
110
33
35
81
59
95
100
182
55
62
53
135
90
68
77
117
54
82
608
65
67
45
73
65
61
93
16
101
74
52
83
68
59
63
42
81
172
84
52
40
101
806
62
117
120
77
91
82
79
24
17
83
42
70
54
82
111
102
101
53
61
242
72
93
89
105
39
72
73
77
107
103
134
123
117
119
11
18
217078
85
120
66
131
48
83
78
159
120
109
42
75
77
84
75
52
103
97
39
51
106
63
95
131
69
51
69
55
91
52
65
55
57
131
72
55
63
69
1485
55
45
124
54
51
64
115
81
58
65
17
131
54
70
165
119
1336
172
96
90
82
157
93
85
10
91
177
227
80
97
46
77
18
68
67
113
119
3
59
27
57
128
80
98
86
81
106
69
12
21
52
63
67
41
105
94
62
39
100
169
9
78
105
396
171
122
141
1274
152
113
90
112
15
35
36
106
38
44
116
88
90
64
682
102
179
96
63
1538
41
106
245
84
111
70
45
59
128
56
165
106
69
109
118
108
27
78
18
46
41
125
65
60
79
53
49
56
22
359
69
12
81
92
23
66
79
109
103
60
91
56
50
17
70
112
111
79
50
58
17
74
104
80
34
65
109
58
16
94
19
138
133
97
124
80
50
107
81
123
113
51
23
93
14
82
90
40
66
1036
56
58
55
176
115
52
69
54
153
36
13
87
79
27
43
55
132
54
56
131
77
182
65
82
51
18
15
121
90
74
59
67
100
165
253
68
111
8
70
52
5
42
118
54
97
69
79
86
89
81
54
57
9
55
41
66
47
77
115
36
129
26
381
88
17
70
52
41
58
70
50
61
739
34
70
83
130
101
87
109
19
53
41
120
55
67
80
43
955
46
90
71
80
107
69
78
45
96
382
112
49
90
167
107
110
72
92
62
211393
100
72
49
105
44
39
137
55
25
71
11
131
130
132
115
955
71
70
116
75
14
35
24
65
130
33
99
73
59
84
361
84
98
58
84
89
103
66
101
60
19
20
145
96
99
98
114
76
90
77
74
206
97
17
54
65
10
47
58
63
20
105
146
111
25
128
150
105
11
95
7
69
14
66
61
66
71
98
45
237
92
62
84
61
127
59
43
108
66
55
120
78
84
51
113
82
80
16
65
122
302
131
62
128
252
137
130
28
81
115
49
55
9
89
156
53
94
84
123
63
154
87
77
48
77
313
99
12
55
100
99
75
27
136
90
121
57
63
89
108
77
35
109
103
55
127
112
66
65
71
112
54
67
128
67
180
127
84
101
15
13
104
106
53
100
59
62
111
71
85
115
95
107
61
96
97
68
138
116
580
101
397
181
81
189
75
64
85
108
43
42
71
106
63
110
88
122
80
129
72
22
49
107
68
85
17
99
55
120
284
115
50
13
47
90
82
73
1092
61
56
45
52
71
102
87
68
24
62
82
86
36
181
56
57
97
57
74
202
24
22
89
61
97
72
62
122
88
16
177
60
77
114
126
122
30
547
35
142
158
152
87
110
105
154
45
59
69
68
90
44
79
67
154
62
88
95
67
90
58
65
121
74
102
225866
72
114
87
91
82
36
198
52
65
117
108
121
138
92
42
44
83
110
41
45
135
29
45
65
13
69
108
47
73
80
72
129
81
60
92
92
101
10
123
55
77
129
75
97
81
84
49
15
106
65
112
189
84
160857
80
95
113
70
54
92
171
108
69
81
94
107
545
112
126
13
520
91
84
76
114
53
73
88
49
14
50
51
75
80
55
9
118
136
22
100
75
116
131
228
290
193
71
119
117
74
83
111
119
74
93
61
54
23
71
69
18
119
74
234
84
128
43
108
48
83
53
39
84
102
97
52
52
179
144
78
100
59
12
92
17
24
296
52
166
93
84
192
128
85
128
60
135
17
57
105
62
43
81
120
73
70
173788
236784
31
111
65
112
115
101
68
80
63
54
97
14
128
85
83
83
73
66
103
155
113
56
77
67
17
95
30
70
92
282
67
86
43
14
71
73
42
116
68
53
51
105
56
52
120
59
107
57
78
151
129
101
208982
131
116
61
53
27
89
106
78
126
59
70
97
153
75
57
160
185
293
105
87
16
73
95
27
88
56
43
60
76
86
92
87
100
44
74
72
69
21
69
86
115
34
76
138
36
101
94
796
105
141
308
54
66
80
43
80
120
149
96
158
141
54
81
24
726
83
93
58
80
22
246
74
203
67
16
67
50
45
15
109
68
54
52
159
110
94
84
104
51
89
69
99
160
119
72
44
52
129
100
86
123
67
39
47
1880
86
18
105
79
12
66
77
116
58
40
71
129
79
66
69
106
61
101
13
201
170
55
70
74
61
97
60
99
94
213544
73
102
77
99
404
54
51
47
48
61
54
75
81
32
62
63
82
122
55
40
65
54
92
91
20
182
86
120
151
58
44
51
124
46
196
80
55
60
45
98
27
16
81
87
92
78
45
75
56
155
70
94
88
37
68
63
67
72
95
159
86
136
106
41
50
90
87
57
23
68
138
75
17
125
73
55
88
77
43
107
55
95
107
128
100
46
96
57
85
143
65
130
115
41
51
139
92
60
57
74
91
120
79
19
78
76
73
80
92
83
86
243
113
110
79
75
71
89
71
88
17
57
83
145
91
106
72
23
48
55
44
60
42
109
67
73
81
267
87
42
73
112
65
112
590
145
1866
115
11
103
160
35
50
96
1113
44
33
71
110
90
66
26
79
108
80
64
78
71
55
216545
17
102
106
62
101
63
94
104
177903
78
130
118
18
75
128
1084
74
144
40
58
82
61
43
77
11
70
89
13
93
49
63
67
80
62
9
23
111
144
41
64
78
71
21
91
56
95
144
79
57
40
41
17
35
43
80
121
54
101
74
134
89
188
111
51
87
157
51
52
194
114
150
69
62
120
92
69
126
84
69
82
444
68
62
18
76
92
131
89
64
116
64
87
77
10
43
69
20
59
91
127
44
71
76
74
698
63
91
104
105
112
78
142
141
65
102
78
116
137
65
63
38
102
21
75
93
88
109
139
41
64
104
12
101
88
126
17
128
52
65
43
16
88
128
766
87
60
98
97
90
56
91
74
56
43
42
169
119
59
64
140
11
92
65
57
47
72
54
48
76
76
50
108
52
102
36
57
59
70
12
64
69
111
95
18
721
72
65
113
111
312
73
71
129
156
10
126
84
83
142
55
23
59
85
95
88
102
122
94
87
30
75
100
53
112
52
721
102
90
76
162
493
59
47
123
85
55
50
182
9
177
217369
53
84
94
74
88
115
83
65
71
38
129
16
91
80
121
83
71
67
224
64
46
129
24
116
83
55
115
57
61
62
61
76
92
72
110
82
68
55
76
211
109
55
59
132
513
81
251
55
86
68
78
85
130
50
125
129
111
26
118
84
64
59
72
106
51
21
111
84
80
63
74
232
64
45
88
95
88
187
107
165
56
54
23
62
105
55
130
111
44
84
97
94
151
72
14
73
113
125
83
82
80
33
70
54
79
71
67
75
52
94
67
58
115
67
121
17
109
94
10
63
59
111
94
96
542
122
236
92
22
77
85
15
101
132
37
91
45
62
576
71
94
97
54
89
65
91
75
110
84
106
61
66
44
107
70
1003
69
89
91
169
129
76
106
224796
48
159
77
70
60
97
97
14
39
110
119
47
85
112
77
122
74
136
115
1553
129
133
291
13
102
23
182
47
89
61
197
104
72
18
86
102
40
73
118
119
85
51
80
260
47
59
56
207550
187578
111
109
110
123
103
56
104
80
76
27
67
84
83
126
114
26
19
85
37
56
55
835
74
84
67
69
115
95
23
64
67
53
176
61
90
56
38
67
17
73
73
73
111
69
58
106
71
124
65
74
53
68
56
964
47
9
76
34
172
39
58
100
98
111
70
141
150
73
96
52
50
110
223
90
717
110
73
61
59
89
43
78
48
542
80
89
414
50
75
142
55
26
669
29
164
96
46
38
64
50
87
119
109
41
50
58
17
126
89
88
17
45
109
37
77
433
54
71
25
22
81
55
45
47
59
38
77
520
74
109
115
48
25
88
57
79
113
63
87
55
1573
58
55
37
203
138
122
114
48
114
53
80
113
38
43
128
73
53
118
82
105
118
90
81
618
16
8
80
116
62
14
125
129
528
16
53
1358
87
146
219
200921
50
81
125
96
129
49
72
88
9
60
189
110
94
39
91
82
47
42
104
23
47
45
134015
218
62
35
47
113
92
21
71
111
99
18
49
70
74
275
62
27
26
712
103
91
107
332
100
65
71
98
77
62
65
169
82
48
15
64
68
90
104
89
79
99
69
92
47
69
83
115
97
124
47
35
61
66
97
121
92
91
233
82
58
67
62
78
159
197
217
66
1173
32
86
17
54
69
51
108
129
268
58
108
103
112
103
54
164
67
25
111
81
67
56
58
82
84
85
100
87
90
9
70
107
81
50
66
95
139
99
59
43
93
56
72
21
38
81
90
60
47
69
61
97
103
54
104
1366
79
43
70
77
36
97
48
140
17
46
211
110
96
52
134
65
16
49
91
58
75
76
79
9
144
42
70
87
57
38
103
118
62
65
109
128
777
38
54
56
139
103
50
46
5
9
80
106
79
77
115
97
93
321
121
65
9
41
52
11
163
54
161
95
107
235
57
90
108
814
58
63
114
94
17
146
45
43
81
61
163
49
103
104
113
111
57
105
97
70
143
119
39
82
72
20
81
112
17
41
56
92
18
42
130
82
509
111
100
63
136
52
54
71
94
104
57
107
38
70
75
28
65
259
71
46
101
43
54
99
66
83
87
77
217
112
113
67
114
56
95
16
50
107
370
694
50
47
65
141
68
45
156
122
115
209
181
91
766
17
86
122
39
109
135
22
14
17
78
82
57
82
46
358
157
61
39
532
64
63
101
86
64
107
68
18
61
128
25
16
37
76
55
55
96
9
83
177
110
87
169
67
45
184505
96
70
88
82
57
32
70
108
86
1478
29
105
112
56
70
40
143
119
109
151
70
41
16
84
106
50
59
77
68
75
106
92
92
60
123
41
49
106
83
170
118
37
177
910
66
78
57
72
43
108
112
268
68
65
156
179
67
5
9
71
113
41
49
107
115
81
103
25
75
211
16
94
41
170
43
99
84
86
41
104
135
29
18
89
323
95
65
134
16
38
55
70
18
351
74
135
83
110
55
34
168
110
24
41
92
68
43
59
75
127
58
77
96
41
41
104
62
15
51
27
54
17
68
191296
69
95
81
65
33
48
13
44
183
88
1272
58
39
714
52
132
82
147
98
191
40
47
58
119
43
52
8
26
93
88
90
58
52
65
103
46
110
60
84
36
55
548
81
52
79
66
87
88
70
92
17
23
126
23
38
51
117
61
21
120
124
23
80
15
72
52
54
92
63
74
69
146
43
34
52
97
32
18
75
44
43
68
49
20
117
36
25
54
67
117
24
68
90
18
63
101
96
68
79
67
102
46
61
73
67
91
107
106
112
75
160
92
72
63
142
119
114
83
62
59
125
38
48
99
95
78
78
17
62
79
126
43
66
72
173
19
59
164
46
61
106
121
60
67
51
82
83
64
73
103
59
83
43
50
84
62
87
21
53
56
87
565
74
121
68
79
59
88
50
159
13
95
147
138
86
337
35
103
19
90
48
77
43
47
57
59
80
50
60
200
525
83
80
53
41
69
42
816
115
80
81
126
804
65
123
88
180
52
107
100
91
102
74
54
88
93
74
84
139
65
109
120
34
108
114
271
104
19
79
48
64
8
59
108
1126
124
85
72
14
90
44
42
105
99
41
44
87
109
111
60
67
17
136
78
83
79
114
92
84
129
82
110
162
65
28
71
1657
71
47
83
29
79
75
251
98
40
40
18
62
107
52
77
139
74
91
126
13
171
54
65
58
101
890
167
110
19
115
138
85
79
1208
82
144
170
104
1110
48
60
111
109
54
117
179
63
110
62
103
154
66
18
33
82
255
42
110
82
98
218
178
61
119
13
81
115
101
65
83
118
95
58
86
78
83
94
60
85
36
110
94
74
119
45
182
130627
63
59
1227
109
25
24
65
64
88
88
93
18
66
103
106
86
82
164
81
59
166
111
65
14
121
82
342
58
97
126
55
106
131
12
54
73
77
179
67
65
137
84
17
184
91
23
105
57
59
51
66
45
140
51
82
66
54
105
85
575
114
83
68
74
91
87
84
54
101
44
56
75
108
90
58
45
149
68
88
59
98
113
54
696
110
71
108
74
118
52
51
142
91
42
69
59
82
90
152038
389
43
110
73
10
62
1166
97
54
61
170
60
328
28
50
61
164
171
713
78
116
281
93
130
46
105
106
74
64
73
96
64
63
75
86
65
74
49
134
61
43
156
76
13
40
170
95
97
24
22
33
68
169
118
88
93
68
67
150
40
836
12
108
50
50
142
17
32
76
72
169
13
45
109
25
215
56
100
80
55
1194
44
184
89
69
46
91
77
50
198
86
104
4
44
114
110
57
59
56
69
81
52
66
137
65
225
142
56
87
61
166
90
41
41
93
109
96
123
41
95
106
128
152
826
146
198
72
143
260
53
150
106
60
83
47
54
59
82
96
56
106
56
29
73
125
58
128
76
103
596
131
157
117
49
1323
142
78
103
82
75
25
27
111
68
228
67
39
52
90
76
55
118
24
74
144
65
189
82
84
59
87
104
115
190713
105
90
67
73
65
62
61
84
10
97
80
112
114
105
61
13
73
923
80
46
110
92
76
139388
69
55
284
123
136
109
54
92
44
66
108
60
40
18
97
65
19
122
163
1012
109
50
92
18
96
123
171
108
536
114
107
186
906
111
61
69
80
34
172
82
62
61
106
71
96
280
56
135
50
76
104
160
24
375
55
61
55
61
53
100
68
55
129
42
54
166
10
83
98
72
147
50
119
35
41
124
77
104
116
144
103
109
51
133
102
197
122
103
71
107
88
70
124
76
79
60
87
106
62
26
7
63
45
259
94
86
75
60
85
75
53
121
81
94
72
415
65
67
53
118
37
58
13
185
182
69
39
117
472
51
63
59
296
118
56
105
126
178
69
81
65
66
14
105
131
55
1207
77
71
113
53
82
132
91
613
45
215357
75
106
86
98
10
75
51
77
107
73
234
74
74
72
91
69
63
73
72
102
56
53
150
130
107
128
76
115
214
56
346
63
24
73
118
129
167
24
100
48
142
103
160
43
55
68
119
76
61
73
55
90
87
196
24
102
72
77
106
139
77
169
22
66
104
150
48
113
172
66
56
140
93
73
46
110
23
89
96
84
546
92
247
85
130
80
124
95
134
45
125
135
44
105
119
83
73
71
63
138
71
92
36
107
25
147
82
48
98
171
12
67
78
80
58
131
161
56
208247
50
92
69
155
19
104
60
84
75
48
90
141
32
57
61
8
24
128
15
92
96
96
68
111
54
73
62
70
27
54
53
17
81
118
92
60
122
17
115
65
97
26
54
74
80
89
176
84
55
76
25
63
3
55
44
156
43
49
112
98
22
100
958
73
118
104
72
74
102
160
54
65
106
311
66
55
90
18
77
246249
386
56
67
74
211
66
69
48
115
61
82
271
115
79
93
190
62
170
114
66
111
78
91
99
56
76
16
93
65
738
83
291
52
36
69
75
99
53
66
80
134
83
57
6
147
99
46
97
17
53
54
113
103
96
112
136
170
28
245
20
127
124
175
98
77
47
54
219082
95
64
17
101
260
158
93
63
48
81
17
100
70
53
57
79
34
129
67
202
107
115
168
69
61
146
18
52
23
91
14
71
102
189
90
110
81
16
104
13
42
102
146
40
15
104
42
26
58
117
91
54
90
136
64
45
280
91
73
62
87
53
39
49
69
64
172
126
76
64
15
94
46
14
54
205
44
185
76
89
130
50
100
726
42
166
14
87
92
93
64
62
17
96
86
455
94
75
104
158
39
18
77
108
63
88
90
127
71
91
61
115
114
21
49
74
13
156
151
111
87
113
61
166
84
1160
169
68
76
103
110
80
51
175
271317
74
9
115
63
113
70
124
141
71
84
73
13
25
39
74
118
56
113
77
992
108
96
96
338
112
71
53
56
109
1142
114
78
103
99
153
82
59
16
44
17
69
55
63
123
22
53
62
52
206
87
74
59
108
64
209
64
48
56
95
81
45
83
71
32
50
68
105
208
109
131
110
49
39
174
73
80
94
88
6
74
137
120
6
187
56
86
74
99
42
106
39
68
50
93
84
53
65
59
73
78
134
62
49
93
61
78
104
113
60
39
12
19
74
103
54
90
113
125
11
89
120
57
53
65
43
110
77
182
16
90
47
65
53
51
86
87
63
84
108
328
75
18
104
58
67
52
128
44
59
126
65
112
139
83
47
92
130
48
44
766
121
69
114
16
88
109
99
104
110
90
44
43
79
63
60
149
136
58
112
87
521
141
25
82
57
111
33
61
182
104
117
127
19
83
46
123
162
217096
94
55
29
88
68
119
41
81
87
583
63
62
41
190
102
125
116
107
74
71
97
30
94
173
155
59
83
48
55
93
42
55
65
126
225587
130
96
80
83
125
57
93
106
82
150038
80
35
101
88
95
29
62
89
360
111
39
119
131
42
91
22
271
21
193
95
84
95
136
44
12
183
121
57
121
101
79
80
76
262
96
54
91
85
82
77
50
201
29
50
139
9
55
63
18
66
14
121
117
93
96
52
77
172
118
88
932
17
63
113
59
76
140
175
49
115
88
91
76
143
126
89
123
71
81
73
47
61
417
82
81
59
116
60
107
14
77
145
68
76
59
65
99
76
121
67
91
82
104
39
104
127
105
161
101
56
51
210
128
169
72
70
111
52
43
115
134
54
15
221837
14
56
116
61
135
67
25
109
113
134
110
97
136
59
18
25
1303
86
49
123
106
84
118
37
171
5
49
61
16
17
123
119
6
56
110
108
117
94
118
112
105
110
89
86
25
46
78
292
100
49
107
67
104
66
73
125
75
72
1871
78
57
110
16
434
43
79
94
138
43
75
64
61
114
109
86
70
24
17
202
133
234
118
133
63
142751
75
39
54
216
141
66
78
23
58
68
231
79
146
83
24
57
99
41
122
48
60
111
36
227
58
66
147
109
112
130
186
56
79
73
117
63
92
100
90
242
46
101
60
81
74
5
114
114
103
61
286
63
90
36
80
75
88
109
65
18
101
64
158
57
53
117
89
24
45
82
77
123
136
75
78
17
1292
70
219
315
73
83
125
100
53
44
198
93
32
97
105
23
131
49
86
73
340
87
56
56
51
125
88
103
56
72
113
54
34
141
70
51
170
82
145
118
62
75
1364
6
18
17
63
10
159
107
98
131
78
62
49
18
70
43
38
66
57
88
65
89
56
84
87
103
37
88
46
17
84
61
78
60
79
38
192
58
61
59
81
111
254588
83
97
140
143
50
51
85
81
101
94
50
55
52
69
122
96
63
91
75
31
38
3
59
81
60
88
6
110
146
81
17
64
49
63
92
58
203
42
60
68
94
69
27
72
60
135
32
22
80
97
144
69
44
67
109
90
65
203
106
85
64
128
44
64
78
37
113
126
22
59
188901
99
109
176
26
114
18
112
131
94
101
89
112
15
84
60
69
63
20
57
67
1297
120
62
24
41
92
100
51
66
77
25
128
147
88
91
64
148
107
115
84
70
59
48
56
135
71
20
129
6
44
80
86
88
8
168
102
73
107
1808
56
19
42
75
53
75
113
45
78
44
42
42
54
62
120
71
48
65
109
58
40
102
82
39
85
112
44
44
162
73
81
53
208301
73
17
131
97
127
598
67
70
251
91
160
103
77
17
61
99
123
85
61
46
82
53
42
73
115
151
80
73
41
42
48
110
94
771
105
128
109
54
199
17
90
74
67
112
5
94
91
107
23
171
91
41
168
193
89
57
192
76
67
29
21
68
83
105
68
58
43
98
44
137
98
71
48
139
46
49
106
102
66
12
56
53
67
79
43
14
83
533
69
75
243
189
54
126
64
101
50
97
35
535
52
34
11
201
133
68
46
79
62
47
113
120
57
75
121
113
110
61
30
149
35
53
173
140
91
112
104
122
55
71
9
58
144
102
13
76
110
88
790
90
121
58
103
55
88
54
52
44
135
49
219537
16
17
43
102
93
103
123
68
49
92
83
101
121
120
127
71
42
71
104
65
59
75
53
54
44
68
144
108
128
101
167
71
99
699
90
85
78
102
10
9
60
27
19
22
140
75
117
72
63
57
43
58
52
455
72
109
123
71
83
93
88
56
176
92
79
153
64
54
47
61
44
789
62
115
121
1895
123
27
46
143
128
91
74
103
26
59
87
41
41
60
65
107
75
118
15
63
14
100
109
69
100
55
71
69
23
43
62
53
79
18
95
43
89
66
79
60
53
84
98
116
10
237617
53
76
107
137
111
85
74
58
85
10
46
79
72
22
81
97
106
91
17
13
71
157
128
74
93
129
75
69
109
54
80
45
15
106
70
295
55
87
52
115
48
129
77
9
115
8
74
200
105
88
16
106
55
43
47
69
86
59
166
122
45
527
70
100
199
703
11
113
53
39
104
19
126
95
83
177
91
298
98
49
120
36
109
77
331
10
45
105
92
122
84
127
54
101
25
95
145
105
112
168
60
48
109
1293
87
99
95
1202
81
109
79
206
72
106
111
80
764
86
114
159
215729
104
129
78
79
327
52
65
53
126
70
79
89
50
77
24
129
24
88
46
90
131
108
74
97
96
41
72
325
70
53
72
79
61
50
104
95
15
21
19
76
105
125
45
100
61
535
49
20
18
60
96
111
68
80
38
68
317
24
146
240
105
532
81
56
69
17
70
61
119
45
85
74
78
106
110
105
60
105
68
53
41
99
79
141
72
107
49
1210
146
14
63
60
55
17
43
213130
57
44
59
15
73
33
109
63
85
80
98
114
93
85
68
70
138
62
44
20
134
18
77
70
83
81
74
1186
10
41
58
66
78
48
276
42
101
196009
153
9
247
51
74
105
103
24
84
7
60
120
115
91
67
72
43
88
45
82
92
1078
119
65
41
81
91
79
78
63
63
119
65
171
69
187566
77
67
48
90
17
93
81
261
31
101
122
46
69
73
42
48
109
102
70
94
71
97
9
75
53
90
141
113
41
30
1473
131
36
57
55
98
50
99
108
58
72
46
18
65
174
77
75
103
30
78
77
153
81
51
399
23
49
205
145
59
13
97
114
70
66
49
60
59
91
77
45
124
68
82
19
69
76
45
56
148
57
588
89
109
123
95
68
8
82
116
110
60
109
57
88
119
111
124
30
145
46
27
56
68
134
166
95
90
102
127
89
339
88
125
22
86
47
95
55
13
54
31
124
68
44
117
112
89
84
71
91
87
92
96
23
9
218850
36
112
81
61
66
34
16
78
529
88
167
53
64
74
94
72
18
95
118
104
105
115
65
90
107
87
17
83
77
122
31
57
127
87
130
62
530
80
94
107
67
44
91
133
79
42
49
97
99
54
95
27
109
81
133
56
88
85
169
36
36
53
94
118
12
143
52
49
137
106
145
43
55
102
117
63
60
129
94
320
38
97
52
51
75
74
117
142
17
66
46
107
46
84
191
90
64
56
54
67
71
149
170
38
101
54
82
120
114
75
12
19
97
90
63
39
66
120
92
115
84
64
15
77
74
24
65
68
97
75
103
63
147
94
69
90
6
73
80
37
51
28
47
163
94
36
53
111
135
185
50
59
102
83
70
19
85
57
80
89
152635
69
94
58
78
118
111
70
69
85
97
103
93
46
132
116
57
100
60
18
181
115
33
72
118
14
21
181
37
66
137
79
53
107
72
95
61
75
17
73
91
41
42
65
1362
103
86
106
72
125
82
18
59
95
102
52
82
65
56
101
172
103
82
61
63
106
157
43
75
9
105
89
43
94
62
103
62
75
106
40
38
44
17
70
100
620
341
96
139
70
86
63
73
21
157
175
105
61
81
47
13
113
117
47
824
57
77
37
189416
78
104
9
69
49
107
155
141
38
177
162
51
93
135
67
83
114
49
18
131
51
64
23
984
23
47
86
88
84
77
188
68
172
20
189
158
45
43
77
800
84
115
180
64
83
172
54
75
139
1172
84
74
150
192
44
47
53
121
60
59
76
132
73
104
73
69
111
44
72
1176
73
42
62
37
110
78
91
128
82
79
91
57
29
114
97
59
59
40
92
57
94
111
101
52
13
114
71
80
112
109
80
78
73
20
125
927
110
109
90
82
56
83
122
77
28
24
94
1467
1155
80
174
73
860
76
78
112
16
96
101
49
1160
71
68
84
57
72
103
144
162
56
75
74
115
104
95
27
54
54
27
121
65
95
89
75
69
111
85
155674
98
104
123
110
207
532
94
1056
153
90
114
56
141
92
87
60
100
24
39
54
45
349
39
113
51
22
153
16
57
65
59
78
66
97
73
50
57
79
114
102
134
152
74
44
144
201
65
61
91
34
56
102
105
60
46
40
262
86
760
78
151
59
149
115
52
12
68
90
111
41
124
63
110
107
71
105
70
70
90
61
19
117
67
102
78
63
15
60
65
66
152
134
43
137
633
23
118
66
52
88
40
77
25
84
49
151
51
768
352
67
68
67
42
101
78
73
152
132
56
90
102
127
100
9
58
12
69
71
71
142
101
60
104
66
151
78
91
76
71
94
87
60
44
90
91
80
59
89
56
38
762
105
122
17
113
108
105
91
37
73
49
87
40
85
446
122
18
50
50
60
127
81
66
120
46
48
80
66
44
73
56
98
17
350
71
149
108
556
194
87
334
110
603
102
16
133
105
96
87
831
182
64
60
95
59
43
73
33
80
124
60
274
34
18
86
180
241
70
47
52
60
105
134
156
51
113
537
51
67
105
53
107
92
71
41
87
191108
68
82
640
31
146
139
30
231
211
48
107
112
100
90
28
51
60
43
59
208879
42
65
42
56
66
43
18
106
127
85
68
115
103
110
14
21
64
23
130
40
80
73
58
132
34
39
141
86
76
82
46
127
110
153
85
146
743
64
48
102
75
59
201330
444
142
97
51
80
73
133
36
10
62
8
52
16
204
99
92
115
102
83
57
99
66
133
104
70
57
43
186
75
75
34
8
40
64
93
121
38
722
66
101
90
58
122
34
63
17
172
46
85
355
91
100
122
65
108
111
141
71
104
84
116
194
111
27
169
101
81
74
156
46
14
151
69
74
46
140
77
15
91
86
40
98
40
69
71
86
107
44
22
70
104
63
62
128
140
71
71
63
182
18
43
67
62
104
90
108
284
56
74
170
86
73
41
123
75
192369
66
70
41
68
78
82
569
46
46
10
67
78
76
17
61
11
37
69
121
80
156
53
66
68
637
37
52
91
115
102
222
75
24
79
136
67
67
64
124
93
107
52
111
111
118
72
77
106
92
36
120
88
113
313
106
113
106
53
103
17
66
216
122
47
975
110
81
64
14
54
67
111
61
299
71
125
56
112
85
57
42
67
98
54
100
75
46
75
46
86
154
79
69
139
102
77
42
76
61
83
73
81
65
163
146
101
113
132
110
159
169
1205
228
113
18
32
69
46
17
94
1141
122
96
65
75
49
103
36
82
15
127
126
99
44
50
116
137
105
86
55
62
57
54
51
89
103
33
105
109
21
85
76
95
102
73
138
96
63
43
75
75
82
84
152
34
57
41
112
85
96
52
89
78
165
58
23
40
94
79
114
127
115
100
111
71
74
83
96
75
95
99
125
123
130
212584
92
20
76
76
71
104
771
59
185
17
55
19
12
78
55
51
71
65
24
66
65
61
53
96
87
56
17
182
98
60
86
45
75
81
15
22
35
148
119
103
56
31
75
176
59
92
59
102
33
116
179
21
103
173
57
43
9
46
50
92
116
132
111
71
26
47
64
166
67
104
110
47
84
167
104
41
65
58
54
92
52
67
127
69
121
143
195
101
105
80
265
41
21
17
82
82
75
85
29
42
86
60
70
55
112
56
89
34
47
14
74
42
38
84
90
39
280
39
35
65
87
77
72
105
25
130
101
104
137
121
109
130
53
70
91
88
21
3
155
10
105
90
76
124
62
3
10
30
62
183
89
65
122
273028
9
86
159
7
86
39
7
89
80
114
41
89
53
60
46
27
92
145
26
104
159
78
64
124
93
7
430
77
80
85
195
164
46
105
51
119
76
114
61
74
69
219215
87
102
127
182
19
21
59
53
61
60
81
78
103
120
80
75
171850
73
13
112
17
127
18
80
135
33
58
83
73
91
86
124
45
73
17
77
17
115
89
79
53
51
77
99
38
18
84
92
1231
94
64
91
122
107
204
97
81
123
134846
90
100
108
72
47
142
55
79
63
18
71
124
79
342
56
140
89
85
67
15
101
55
1482
75
67
72
25
93
105
107
148
68
46
35
90
45
178
42
39
123
20
68
101
55
95
1211
63
130
340
51
58
57
70
82
52
108
17
88
65
114
53
80
99
67
201
90
87
57
63
179
49
86
21
107
56
102
1547
50
56
64
246
49
63
100
90
58
46
530
64
81
69
57
73
103
61
79
104
22
73
81
92
165
102
50
29
65
141
86
71
247835
97
58
117
19
153
75
412
56
87
171
119
140
76
9
257
79
120
60
75
121
57
64
56
59
26
66
66
127
17
97
75
136
55
17
88
77
72
47
89
77
222
112
48
163830
60
34
88
49
776
235
29
94
68
29
103
46
372
110
82
107
90
75
21
14
131
288
65
67
64
90
74
72
23
45
62
213195
67
15
71
53
45
123
242
72
61
36
123
23
70
197
92
534
72
164
61
69
110
81
139
82
43
32
80
59
90
203
46
271
115
82
139
24
114
97
82
79
354
81
42
74
46
158
191
103
162
91
60
94
83
68
17
75
56
9
86
46
74
63
144
18
114
171
101
65
115
25
110
105
105
62
166
60
95
146
85
107
63
106
28
57
88
18
1081
218
42
70
43
97
139
63
854
102
43
43
78
68
50
631
85
90
93
119
80
91
61
101
40
17
112
143
139
51
52
159
1181
56
57
58
82
91
51
99
84
543
99
82
92
132
48
221
113
72
86
161
264
48
22
58
244
105
73
107
59
60
89
97
49
68
218688
72
85
65
23
75
85
84
51
391
40
74
83
48
126
67
134
109
53
142
119
106
94
89
930
19
145
98
52
115
93
62
83
77
110
122
381
94
72
62
57
73
40
82
94
19
127
79
5
1254
246632
69
99
99
66
71
68
10
102
61
57
83
67
147
17
48
38
79
111
34
102
36
35
72
88
65
49
87
81
41
53
120
130
1207
55
127
36
92
46
82
97
84
67
45
49
189735
69
143
57
85
79
79
14
70
9
55
57
18
82
35
138
73
25
45
117
111
54
103
97
47
67
104
285
35
82
84
70
83
60
113
290
98
52
53
1169
93
70
5
70
101
60
390
56
119
61
145
29
68
95
61
103
26
26
60
122
107
124
103
544
96
86
99
126
48
111
49
77
208
102
107
64
46
96
45
106
130
281
69
144
172
112
130
100
80
49
59
129
95
85
84
47
38
88
173612
151
75
70
108
54
78
124
77
184
102
23
141
138
14
3
123
49
15
99
7
19
42
93
125
53
74
115
61
50
122
62
55
270
91
115
14
43
77
209268
58
103
65
765
105
60
121
54
17
113
153
87
72
67
12
221
94
130
165
1167
79
89
108
119
64
68
258739
54
73
14
83
108
166
76
89
167
62
89
70
89
119
104
107
88
138
81
94
85
35
49
48
96
119
1244
13
92
103
41
84
52
87
79
80
105
24
54
69
11
636
35
95
44
77
68
109
109
65
122
54
36
48
114
23
126
51
208
46
84
116
131
121
64
93
141
123
165
162
145
42
38
26
195654
23
112
121
120
68
82
152
84
69
84
57
76
102
933
110
1109
70
75
70
84
46
90
11
10
101
30
56
58
106
56
89
727
76
44
14
117
106
94
74
89
102
61
44
101
25
135
61
85
101
83
79
67
43
88
41
47
79
123
68
135
256
79
743
69
73
164
52
60
59
115
123
121
50
68
81
112
78
91
75
41
142
107
70
90
103
170
78
57
99
59
13
49
1265
47
50
90
103
19
221
68
83
187
82
320
13
134
57
51
43
84
16
84
128
81
79
70
97
63
20
23
108
63
88
31
61
84
80
68
101
54
99
44
16
113
70
86
55
160
57
111
70
49
57
45
51
127
82
54
62
133
66
54
41
79
50
102
93
108
18
14
57
57
99
54
125
111
37
25
104
78
9
72
220056
439
141
42
540
50
42
128
59
119
118
73
121
82
60
85
105
53
56
41
124
119
106
113
62
1586
42
68
172
25
23
847
47
58
56
130
26
60
114
61
42
18
83
26
75
16
541
129
111
109
191383
54
108
276
82
64
245
88
50
83
29
74
69
195
87
106
52
80
77
106
108
75
77
58
76
14
173
71
8
90
100
94
18
43
140
80
78
85
50
51
67
63
59
90
91
82
112
14
82
73
49
19
52
82
113
87
95
73
69
113
221
197
147
86
87
179
60
166
76
29
62
20
81
26
28
92
16
58
203
139
60
49
192
62
19
256143
78
101
56
33
72
52
54
45
71
200564
17
125
94
82
169
40
1108
109
99
88
47
66
88
52
107
93
48
80
13
128
50
171
105
22
84
46
82
75
53
97
47
110
99
102
1942
77
9
206678
54
54
724
75
975
119
89
37
291
52
24
71
57
136
46
134
57
50
161
124
68
50
626
82
137
87
63
13
43
89
846
108
1297
83
124
116
50
30
97
92
161
522
142
41
57
166
93
62
55
70
68
41
69
55
67
124
72
108
63
64
84
340
72
10
74
81
33
49
43
73
170
37
115
41
79
39
92
80
119
55
93
74
51
9
81
83
22
52
40
84
170450
119
51
31
214
76
261
138
125
59
108
3
117
11
61
1870
50
145
141
142
95
18
36
135
113
85
84
49
78
81
68
158
105
72
51
115
137
93
89
145
166
89
80
1245
23
127
22
98
45
188
64
74
723
90
92
73
14
62
149
136
68
78
73
96
91
78
59
49
113
92
25
34
60
90
140
95
15
51
180
60
126
117
12
11
86
63
76
85
569
67
115
72
66
99
143
75
75
443
110
80
62
252
127
74
82
69
140
124
730
78
89
132
100
196
44
246363
84
127
54
92
106
92
7
17
84
34
90
92
84
115
159
23
173
78
123
105
8
227
52
140
52
65
87
129
93
55
130
132
61
63
129
68
114
60
70
130
102
74
120
43
14
53
75
92
36
83
95
66
91
96
67
44
86
132
65
1200
79
56
89
91
101
52
65
83
52
17
66
119
81
117
62
59
60
35
137
80
117
55
17
160
95
44
91
105
68
57
121
41
99
79
85
103
43
62
121
90
123
102
3
108
49
17
59
86
86
82
88
26
57
76
132
141
100
92
87
137
50
126
79
103
104
133
52
27
72
67
59
67
75
67
114
4
146
143
73
96
85
61
56
145
129
93
59
136
271
122
103
83
40
109
70
89
136
87
168
118
192493
92
117
108
92
46
86
75
75
108
273
111
28
92
10
101
20
71
18
92
18
15
103
153
47
9
43
72
160
72
91
132
87
92
128
119
55
133
71
36
78
109
62
1267
616
148
264
93
17
63
132
58
132
180
59
204
62
749
72
91
15
18
24
136
109
75
42
74
112
104
97
45
88
64
174
116
64
120
244018
201
44
72
84
33
53
102
81
112
70
49
96
95
79
102
57
100
74
72
13
124
93
742
77
107
105
86
124
15
45
97
80
22
124
343
44
217431
173
69
121
236479
53
69
71
75
74
21
220
112
93
66
38
18
71
92
1737
240389
76
69
43
106
49
101
59
431
128
89
51
14
118
1029
124
50
70
68
21
46
69
59
64
62
14
137
51
97
71
85
84
125
59
61
102
73
108
82
68
124
41
94
11
156
156
87
97
37
72
76
109
17
39
81
96
226
143
67
119
58
360
326
257
73
22
52
98
105
54
202
78
26
162
279
103
116
40
52
26
166
112
772
94
96
113
74
38
72
122
33
31
131
61
73
63
69
65
118
32
124
79
84
67
290
72
137
83
24
167
86
43
39
122
68
181
128
59
57
60
70
95
60
65
61
65
530
98
79
68
71
42
90
70
36
49
116
166
43
81
54
84
87
61
72
107
69
84
39
149
54
788
65
60
86
73
18
127
47
24
91
92
152
116
61
59
43
89
116
92
70
54
86
71
108
113
52
55
124
121
108
53
70
153
43
59
195
111
75
208
67
101
64
107
509
35
71
77
78
76
81
39
74
138
39
49
85
364
1177
75
23
182
107
17
42
72
254
37
64
127
65
93
104
66
42
121
120
97
82
94
81
77
56
103
72
128
119
22
80
8
19
78
160
177
46
101
25
1418
87
57
76
57
41
89
19
88
138
64
67
164
65
50
122
103
91
84
57
128
24
61
105
14
1341
15
17
135
43
194
100
126
68
39
170
164
322
65
80
83
110
18
73
14
68
92
85
209
121
60
128
52
17
126
113
17
19
77
82
69
70
58
626
58
99
104
82
61
72
89
82
64
35
8
205301
134
248082
61
107
62
70
9
92
56
114
61
78
65
17
126
56
122
74
73
178
243
95
45
112
185
20
165
58
84
72
138
21
59
11
104
66
91
80
44
56
83
142
138
103
50
89
123
72
78
88
51
41
43
103
40
95
3
17
70
110
78
66
6
175
26
89
74
50
88
217842
85
1513
23
114
56
223166
76
68
126
106
82
15
76
62
36
23
76
63
14
44
59
92
137
81
131
61
81
83
76
101
89
28
76
84
215
77
52
106
88
152
35
120
105
90
119
51
69
60
104
43
65
58
17
147
59
53
79
76
144
80
28
25
93
117
102
55
104
60
90
74
120
91
111
180
78
105
88
102
51
16
103
31
44
55
66
45
65
17
121
54
109
106
1307
105
76
11
183
150
45
47
95
133
80
55
17
84
68
126
131
213
108
62
54
83
183
69
53
92
80
46
127
7
51
43
98
64
65
84
62
64
51
47
39
58
129
55
22
1012
166586
93
81
126
136
77
47
108
83
85
79
67
587
124
133
64
69
17
44
165965
77
17
115
110
45
79
102
127
63
121
209719
105
88
26
83
97
1152
612
101
59
76
54
163
52
75
47
207730
125
214135
51
98
45
28
41
225199
104
113
56
50
85
25
50
59
56
156
27
71
78
52
72
62
782
77
324
116
328
72
81
92
101
101
124
77
22
69
336
71
36
42
111
102
102
18
3
79
45
157
79
266
132
880
55
72
38
96
116
50
44
67
52
24
46
116
116
107
68
318
107
10
84
188
36
109
128
114
105
81
77
108
99
67
54
117
75
17
66
83
27
85
74
88
227031
64
109
104
176
53
56
46
73
47
94
48
104
140
79
82
44
34
123
65
52
27
79
34
118
102
71
397
116
57
79
697
59
327
97
80
39
61
89
105
69
114
90
10
114
76
100
119
8
85
14
105
205
32
12
82
66
52
78
107
145
42
139
78
94
18
53
96
79
50
40
25
56
116
101
54
108
83
86
57
72
346
146
103
377
98
137
169
82
53
16
109
422
92
100
108
125
10
73
54
54
78
59
50
123
151
26
94
71
69
35
190705
71
34
115
60
92
106
75
111
62
63
36
67
72
83
65
57
115
40
78
89
63
72
79
47
27
91
67
107
72
91
105
76
61
63
80
78
364
123
21
19
96
103
79
69
98
61
135
80
108
49
51
182
22
92
37
95
39
220038
49
78
88
120
48
94
192
200
83
81
66
130
79
50
42
31
83
113
168
60
16
135
83
113
68
91
109
58
16
142
99
101
23
68
69
104
23
138
65
58
96
91
60
28
121
19
55
71
57
65
75
117
103
78
90
1148
113
142
122
110
85
64
59
192
96
78
93
70
77
83
68
77
74
10
88
47
18
58
82
195
118
108
90
40
135
130
270752
97
70
22
84
89
104
156
44
117
63
105
60
128
715
413
91
112
51
129
59
350
101
91
111
67
87
90
67
124
57
65
14
65
281
62
81
175
173602
50
59
107
64
115
119
68
52
46
48
96
45
125
94
83
76
607
16
93
54
64
90
60
102
110
51
68
49
85
838
35
95
302
97
116
108
78
132
164
72
116
72
77
152
94
71
103
178
88
46
109
39
160526
59
74
45
73
17
128
87
62
75
117
59
78
31
70
90
242
152
47
126
80
106
155
87
44
115
67
77
64
123
62
81
6
104
100
90
611
94
135
90
101
83
144
119
30
157
88
43
85
97
83
276
58
65
47
52
41
17
113
61
67
11
1772
270
71
211
17
690
117
50
32
77
56
39
782
75
78
56
53
65
92
73
95
34
51
170
83
102
25
36
29
66
111
74
122
52
63
145
207
43
206
100
79
173
157
89
116
58
116
107
57
43
122
14
29
109
72
48
66
1004
86
130
142
49
69
8
72
79
92
83
27
92
55
726
54
54
63
88
50
58
16
127
90
86
80
87
150
79
107
80
55
84
79
203
40
75
100
82
53
76
256812
107
93
100
50
81
68
18
23
86
18
75
83
63
70
45
275
210
110
194
104
481
64
99
150853
59
47
72
102
72
168
155
72
45
100
17
67
57
1558
116
122
55
120
93
100
148
54
89
117
131
112
94
13
16
83
46
190419
74
35
86
56
201
91
68
61
14
968
90
537
63
103
89
88
32
91
167
73
66
66
225931
54
148
655
45
66
71
22
72
156
74
102
69
73
112
212
31
74
67
53
101
92
385
68
70
81
68
80
90
433
78
50
63
78
117
165
87
63
66
107
42
97
86
20
96
76
55
57
86
41
147
1360
115
113
79
135
41
128
80
91
55
56
117
80
126
73
115
103
43
140
96
50
74
55
87
96
21
59
164
21
74
86
86
122
64
51
54
66
112
108
50
88
85
99
89
82
69
175783
48
87
118
65
83
139
661
93
44
53
55
66
61
73
80
63
210
75
106
73
123
75
46
208
81
113
75
135746
82
225
124
88
51
65
50
90
133
36
134
96
74
106
143
163
110
79
38
87
42
102
31
91
70
60
49
57
57
76
47
111
115
23
157
75
116
81
107
51
92
72
104
77
45
107
63
185
48
72
162
42
64
121
75
38
100
50
91
105
100
104
72
41
68
121
170
118
66
55
203
87
67
137
92
94
584
97
92
63
169
274
86
64
59
127
56
100
185
245770
112
62
61
404
115
6
42
150
70
202
53
122
66
72
118
123
120
60
16
165
85
118
50
76
56
109
58
241
79
165
17
120
82
70
115
65
85
135
13
528
107
73
43
37
113
85
83
171
93
104
26
178
92
127
81
42
30
98
68
89
100
72
35
137
130
77
119
114
62
15
141
140
99
69
100
295
85
27
10
62
219
106
55
119
77
124
169329
108
117
67
86
77
75
113
117
126
43
69
94
72
93
81
118
18
80
79
58
73
57
17
22
164
90
245822
760
56
111
172
127
77
123
44
53
64
393
97
65
64
99
104
92
20
57
107
23
154
110
34
97
220
119
142
131
87
79
108
47
65
166
86
49
57
64
131
114
138
114
93
35
130
73
57
90
77
78
102
222
1423
78
64
51
768
36
76
64
71
192
25
112
113
96
20
75
110
140
82
74
123
21
79
118
25
103
37
91
67
50
145
15
63
19
150
91
130
46
56
134
108
93
112
117
87
187
76
114
59
135
73
65
919
22
70
115
93
176
26
80
80
37
87
125
1243
70
122
54
132
40
67
71
170872
81
101
92
97
75
92
60
62
63
62
78
57
108
9
10
123
50
76
24
87
76
66
100
13
64
72
55
83
22
102
140543
122
64
20
85
67
71
106
60
22
65
49
15
56
179
76
161
82
104
115
44
114
114
46
125
47
116
71
51
42
23
50
91
159
943
89
83
88
132
55
14
51
84
80
135
47
191
803
83
148
69
70
137
122
75
80
148
92
43
140
48
124
119
36
80
49
56
183
73
104
80
116
63
68
434
47
99
65
84
132
54
108
59
82
76
69
54
400
67
116
41
64
37
116
49
122
101
108
560
113
108
11
647
79
103
78
66
581
77
90
64
83
116
254
43
107
73
15
115
59
63
112
50
574
131
114
61
90
44
15
61
72
83
105
70
72
130
35
117
66
89
59
62
121
85
63
56
37
65
72
58
120
80
211
115
66
72
63
69
111
98
80
16
65
130
98
43
121
150
53
33
28
81
21
50
58
149
145
63
26
59
170
20
65
79
16
43
22
74
37
78
57
210615
77
42
54
34
58
45
113
116
89
69
83
69
15
14
28
94
37
1064
57
125
54
51
68
36
115
104
9
29
51
203
1346
94
82
79
111
137
102
125
73
38
84
20
73
48
36
13
24
71
71
106
46
17
145
78
63
58
59
58
60
318
9
97
74
96
96
65
79
73
84
102
25
59
34
115
96
54
127
70
42
60
58
43
120
168
66
84
70
43
80
124
75
16
62
23
38
89
327
103
68
104
52
144
84
75
86
44
74
556
6
85
24
201
136
52
23
92
58
44
86
41
87
98
30
55
83
73
104
52
132
96
56
18
45
143
125
48
45
249296
89
42
121
49
64
75
58
59
66
91
132
16
79
83
21
129
132
18
201
140
54
69
54
62
92
96
43
58
93
43
130046
101
101
93
60
118
84
88
60
42
81
263
177
128
70
81
96
543
214789
67
48
30
71
90
79
14
769
44
78
1246
117
86
87
86
23
189
142
59
143
83
123
136
106
86
92
150
79
85
90
111
62
65
40
48
54
72
28
75
105
104
24
82
53
14
75
64
100
47
84
994
25
102
89
48
135
16
92
86
76
52
94
37
74
98
